a0=1;
a1=2;
a2=-3;
a3=-4;
a4=5;